[logo.JPG]
filters=dir_tint=1,0.938679,0.627586,0.250000,0.250000,ffffffff;
moddate=4f26ddea693bcd01
width=212
height=145
textactive=0
